0.005693403072066353
0.005908588797136863
0.006835783011169515
0.008959023839195389
0.00959324882268105
0.010476630789835807
0.011330552746122815
0.0058948459067431685
0.006222961749214213
0.007285514330963943
0.00836167067795572
0.008907214927574628
0.010711098176932547
0.011492762023727537
0.006643011314439289
0.007019307923983644
0.007738982312484537
0.009501368770777353
0.011054889993214877
0.009322689354802075
0.007717330111823625
0.010498815079226046
0.011772496668484112
0.012352204548789918
0.010498132554014456
0.012333657159547895
0.013972229916414416
0.010247128104459985
0.016704655691248946
0.017691549772556863
0.013855171196711778
0.01216551163995298
0.01949886569134188
0.0074336392493042185
0.008064886045353076
0.011608615365768484
0.014181859650998597
0.02306418923664992
0.023990007791319254
0.028425835787721572
0.007791870495173746
0.004268608458289064
0.011698134526727983
0.01901718313165635
0.025734107000128174
0.03287188618854094
0.04548769465493301
0.00541653347793054
0.003924549673267807
0.0074110949973457615
0.007322167914189761
0.004051229203040478
0.007633988392241331
0.028260211907632525
0.030481921248324398
0.03125244523694436
0.02023102191980103
0.010846224824119129
0.021652930297656803
0.00940124412701771
0.015083373484395113
0.01515934480580794
0.011502524178378713
0.015083373484395113
0.012208574358043919
0.012721593431328752
0.016502460001396983
0.005604878846987343
0.004786264578410394
0.012016722288616617
0.0032496917045286328
0.019771065599810688
0.016840757621205994
0.013944490535284168
0.010368300331205742
0.005681070214607655
0.004764688218372897
0.005105406165213809
0.004764688218372897
0.008360952584238171
0.009566359780238485
0.014934730760405721
0.016235061489246593
0.009608350064367648
0.007781163865174391
0.0056749326185367745
0.0035357929981202733
0.0056749326185367745
0.00983777928289109
0.005462732412614855
0.0018126843397713445
9.67776178139707E-4
0.0021920499283681256
0.004168523788491952
0.008243732672719375
0.014380055002953258
0.0067683343376490615
0.00779296435464862
0.009258690429244504
0.006352377640659019
0.01432419764419553
0.019571967526863694
0.018360846717290033
0.01747213433047815
0.01055824003394441
0.0113155481818238
0.004933385553181412
0.007436856121242285
0.008105606220734949
0.0075193893309929705
0.007436856121242285
0.005170487209729029
0.007695890728072796
0.004874236576594767
0.006153446530848352
0.00831008711891711
0.008374779998198094
0.019284416610719134
0.008251937719130943
0.004650828120235058
0.004268966031371928
0.004255541564054623
0.004268966031371928
0.009253511168917592
0.013092850694488102
0.015156641419073243
0.011719164986515514
0.007474875211363051
0.005328126285404265
0.004179587415801985
0.004734294673242046
0.0066307850771921565
0.010517033495436992
0.004823193247636468
0.004457364027330932
0.004904517431611288
0.004842712879168968
0.004904517431611288
0.008716427196395836
0.012260189756285782
0.006872911246369807
0.010750085751318137
0.006674888556514876
0.0014079929532414088
5.542237883778214E-4
0.0014079929532414088
0.0020177284958956066
0.017030656724955427
0.013529509384091034
0.006488517643785499
0.00908198273858233
0.007925617862102368
0.009141531263170992
0.0032683719087689476
0.0028348178794222714
0.0019394007080503696
0.0028348178794222714
0.010830630963709736
0.0014107185840647324
9.548925686676773E-4
0.001026130999955143
9.548925686676773E-4
0.008274826684446394
0.014914704301872035
0.006317656405728137
0.0036944123792803777
0.006521853704910904
0.005265632015529907
0.003791548739992354
0.0056053195741944265
0.010069152339850566
0.016259342040838672
0.00651711584453992
0.007784860014850884
0.005758575939668436
0.008808084005809971
0.006041917249421902
0.009058929553528841
0.002776424792731658
0.0022247955258990044
0.002239971665447065
0.0022247955258990044
0.0077067919857162345
0.0023324003710271444
0.002912808658010686
0.0023324003710271444
0.017743538521395045
0.006157194603725948
0.005416035478115534
0.005159269187077962
0.006157194603725948
0.009827668172666636
0.00270531220111749
0.003100603744127229
0.003953642296649429
0.003100603744127229
0.007944556677014956
0.0059045297445999645
0.0027051818093410383
0.002746812133407526
0.0018801590159032641
0.002746812133407526
9.944774236397436E-4
0.0010792295152480054
9.479471405189594E-4
7.898472602610639E-4
0.005288884909179515
0.007145827310661964
0.005739885202942621
0.006200261622591566
0.006352987381406319
0.0059184070810713585
0.009718555308520298
