30.0
60.0
90.0
120.0
150.0
180.0
210.0
42.42640687119285
67.08203932499369
94.86832980505137
123.69316876852982
152.97058540778355
182.4828759089466
212.13203435596427
84.8528137423857
108.16653826391968
134.16407864998737
161.55494421403512
189.73665961010275
218.40329667841556
127.27922061357856
174.92855684535903
201.24611797498108
228.47319317591726
169.7056274847714
192.09372712298546
216.33307652783935
241.8677324489565
234.30749027719963
258.0697580112788
254.55844122715712
276.5863337187866
296.98484809834997
240.0
247.38633753705963
256.3201123595259
268.32815729997475
283.0194339616981
300.0
318.90437438203946
270.0
271.6615541441225
284.60498941515414
295.4657340538831
308.86890422961
324.49961479175903
342.0526275297414
54.08326913195984
63.63961030678928
75.0
226.99118925632334
229.4558781116753
232.86262044390037
270.4163456597992
279.0161285660741
288.1405906844782
156.60459763365824
171.0263137648707
185.53975315279473
166.43316977093238
175.0
184.39088914585776
158.11388300841898
167.10774967068403
176.91806012954132
159.45218719101973
183.09833423600554
45.0
47.43416490252569
225.0
225.49944567559362
255.0
262.39283526803854
128.16005617976296
142.30249470757707
152.31546211727817
158.8238017426859
143.17821063276352
150.08331019803634
141.50971698084905
167.70509831248424
242.33241632105268
248.29418035870273
100.62305898749054
114.23659658795863
147.05441169852742
133.41664064126334
137.56816492197603
237.17082451262846
87.46427842267951
140.0
140.80127840328723
130.0
130.86252328302402
120.93386622447825
150.74813431681335
33.54101966249684
61.84658438426491
197.29419656948858
200.124960961895
204.02205763103166
246.01829200285087
255.44079548889601
265.37709019431196
165.6804152578089
180.62391868188442
142.12670403551894
152.0690632574555
162.78820596099706
134.5362404707371
145.0
156.20499351813308
138.2931668593933
15.0
21.213203435596427
195.0
195.57607215607945
228.96506283710622
135.83077707206124
125.29964086141668
133.13526955694348
116.61903789690601
125.0
117.15374513859982
214.76731594914529
221.472345903501
91.2414379544733
106.06601717798213
114.0175425099138
118.84864324004712
104.4030650891055
109.65856099730654
208.92582415776178
76.48529270389177
110.0
111.01801655587259
100.0
101.11874208078342
175.57049866079439
222.9910312097776
233.3452377915607
244.1823089414956
120.41594578792295
132.00378782444085
144.22205101855957
126.19429464123962
138.92443989449805
165.0
213.19005605327843
92.19544457292888
102.59142264341595
96.04686356149273
187.94946129212502
85.44003745317531
91.7877987534291
76.15773105863909
83.21658488546619
181.24568960391858
80.0
81.39410298049853
70.0
71.58910531638176
147.73286702694156
201.80436070610565
102.95630140987001
116.29703349613007
98.48857801796105
112.36102527122117
126.49110640673517
109.20164833920778
135.0
190.91883092036784
78.10249675906654
90.13878188659973
72.11102550927978
85.0
80.77747210701756
162.24980739587951
58.309518948453004
67.26812023536856
50.0
60.207972893961475
154.434452114805
52.20153254455275
40.0
42.720018726587654
208.38665984174708
106.88779163215975
121.6552506059644
90.55385138137417
105.47511554864494
105.0
63.245553203367585
77.62087348130012
60.8276253029822
75.66372975210778
148.49242404917499
129.0348790056394
36.05551275463989
49.24428900898052
31.622776601683793
46.09772228646444
20.0
25.0
10.0
18.027756377319946
121.03718436910205
104.04326023342406
113.35784048754634
123.79418403139947
105.11898020814318
96.17692030835673
99.62429422585637
